[[1, 6, 10, 13, 17, 18], [2, 3, 7, 12, 14, 16], [4, 5, 8, 9, 11, 15]]
[[1, 2, 3, 6, 9, 16], [4, 5, 8, 10, 12, 14], [7, 11, 13, 15, 17, 18]]
[[1, 2, 8, 9, 14, 18], [3, 4, 6, 11, 12, 17], [5, 7, 10, 13, 15, 16]]
[[1, 2, 4, 11, 12, 13], [3, 5, 6, 10, 14, 17], [7, 8, 9, 15, 16, 18]]
[[1, 3, 10, 11, 14, 15], [2, 4, 5, 6, 8, 18], [7, 9, 12, 13, 16, 17]]
[[1, 4, 6, 7, 14, 18], [2, 3, 5, 12, 13, 15], [8, 9, 10, 11, 16, 17]]
[[1, 4, 8, 13, 14, 16], [2, 3, 5, 15, 17, 18], [6, 7, 9, 10, 11, 12]]
[[1, 5, 12, 15, 16, 17], [2, 6, 8, 11, 13, 14], [3, 4, 7, 9, 10, 18]]
[[1, 3, 7, 8, 14, 17], [2, 4, 9, 10, 13, 15], [5, 6, 11, 12, 16, 18]]
[[1, 6, 7, 8, 12, 15], [2, 4, 10, 16, 17, 18], [3, 5, 9, 11, 13, 14]]
[[1, 4, 5, 7, 9, 17], [2, 6, 11, 14, 15, 16], [3, 8, 10, 12, 13, 18]]
[[1, 2, 5, 7, 10, 11], [3, 4, 6, 8, 13, 16], [9, 12, 14, 15, 17, 18]]

c cube error is 70.90
c 2: 7, 3: 67, 4: 70, 5: 9
