[[1, 2, 3, 4], [5, 6, 7, 8], [9, 10, 11, 12], [13, 14, 15, 16]]
[[1, 5, 9, 13], [2, 6, 10, 14], [3, 7, 11, 15], [4, 8, 12, 16]]
[[1, 6, 11, 16], [2, 5, 12, 15], [3, 8, 9, 14], [4, 7, 10, 13]]
[[1, 7, 12, 14], [2, 8, 11, 13], [3, 5, 10, 16], [4, 6, 9, 15]]
[[1, 8, 10, 15], [2, 7, 9, 16], [3, 6, 12, 13], [4, 5, 11, 14]]
[[1, 11, 15, 16], [2, 5, 6, 10], [3, 4, 7, 12], [8, 9, 13, 14]]
[[1, 5, 7, 9], [2, 3, 8, 16], [4, 6, 11, 13], [10, 12, 14, 15]]
[[1, 2, 12, 13], [3, 9, 10, 11], [4, 5, 14, 16], [6, 7, 8, 15]]

c optimal, taken from 4-4-5 with three extra rounds added
