[[1, 2, 3, 4], [5, 6, 7, 8], [9, 10, 11, 12], [13, 14, 15, 16], [17, 18, 19, 20]]
[[1, 6, 7, 11], [2, 9, 12, 13], [3, 8, 17, 18], [4, 14, 16, 20], [5, 10, 15, 19]]
[[1, 8, 18, 20], [2, 6, 16, 17], [3, 9, 14, 19], [4, 5, 10, 12], [7, 11, 13, 15]]
[[1, 2, 10, 18], [3, 7, 13, 19], [4, 8, 12, 14], [5, 11, 16, 17], [6, 9, 15, 20]]
[[1, 12, 13, 16], [2, 6, 8, 14], [3, 10, 15, 18], [4, 7, 9, 17], [5, 11, 19, 20]]
[[1, 7, 8, 10], [2, 11, 14, 18], [3, 9, 16, 20], [4, 6, 13, 19], [5, 12, 15, 17]]
[[1, 5, 9, 14], [2, 8, 15, 19], [3, 4, 11, 20], [6, 10, 13, 17], [7, 12, 16, 18]]
[[1, 14, 17, 19], [2, 5, 13, 20], [3, 8, 11, 12], [4, 6, 10, 16], [7, 9, 15, 18]]
[[1, 3, 6, 15], [2, 7, 12, 20], [4, 5, 13, 18], [8, 9, 16, 19], [10, 11, 14, 17]]
[[1, 4, 15, 17], [2, 3, 5, 16], [6, 12, 18, 19], [7, 10, 14, 20], [8, 9, 11, 13]]

c cube error is 23.74
c 1: 80, 2: 110
c optimal
